-aakgsitadwh (oppidum 8141199ᾒ) Sum: 6, 111606191811ΰ11
598,6911649,794,.799,.7491 180,391,.394·418,4161789.
847. 859, 957. · 697 Ι516, 617, 6181643, 6411

1,,,.14,,(,,,,11.,,1,·4,.4111, 141. 111. 941154. 991111
tin) 500. 699. 1111111, .901. 669 670, 673. 674.. 676, 8771

,1974101001 4760, 998· whom. 689. -09-1. 791. 199, 740. m.
,111.;11,111,1,),,, · 790. 759819. 898903. w.

Roln'ung 4, 11147111161141144141811- 11674932, 96, 957938, 989,
ιώωψω. 1mmmmmm

1114414111. 911. . 911 914. 941. sm ..11,

711414414464144141411169414111119, ,5711544114811111819 .
5291. . 5414414111, 80. 993. 366. w. 618.
7111141811 (in 81111181418769, 490. 593, 545. 694, 6954 696, fflss,
1100594595 5586616015 6346666766831739768,
566. 57679, 598, 619 696, 637, 758, 773. 775. 789. 798. 811,
6496411650. 659. 677 78 687, 809. 814. 816. 895. 868,Ι 959,
688, 704. 7045, 716 7111791, 968, 974. 977. 989,

.796. 787, 806. 83 899, 901, ,1197144178 166448149711414141

, 9991925189761487740621 778784 ⁷⁵· ,ι

711144411768· , , ¹ 54])44744146661614418 W 1108,

· 11444144 41414111 8471494111) 66.. 1 911114 , 441 pugna 5111444111 to-

8471414881898041991 144 (111111) 11141411 1111111114-1111411. Nm
637, 114·Ιί1491181441 mbrm. (ι-

(lugia ,19111111 4811441181111111111111111 11416111111111,01714444114 11141,

¹ 419. 809. 661, 749, 746. 748. 1111116611 mi 51111141, 1411144

114 491111 111119. 111. ,1, 4411144, ,11411
111141 141 111,..19144 144 1441, ,,(11419447409000-
411919. 111114141111111 1,,,111411111111111114
1111148,1.), Ι,59441144 186668. ,
114114”’4,11111441166931940941513190,495 ·
958. 959. 977. 980, 355. 369 6141141401. 11. 191. 160, 179. 991,
8571 01010111148771678816911181) k 1928135610501 mu 3ffl· 66961
³ ,,,466 507, ,5145175431 559,
sumpse& 5444419 insula (1141411161 ⁵⁵4⁴ ⁵66· ⁵⁸8⁶ 8008618683·
mmffiffl Wwfflfflfflffiffl

sm u ᾗ, (8,φώωὸ m Nomia) 664, 676. 679, 673. 671. 676,
m mmmmfflm

1,,,11 1111 14 14 441 449 004· 707, 700, 700. 749. 744.
mmmmmm mmmmm.m.

 

