Nomina 00110011011111000010111111.

907. 93946. ΝΟ. 961969. 963.Ι
964. 977. 984. 31001101100110101,
350. semaam 11170111, 496.
3101111101 pugil· 450.
Scan: 370. = 3111101, 371. 379.
Scato. 79. ,
3111101 prigil. 94.
Scaeas, Alemanniae satrapa. 94.
Status, 111101 Frothonis 011011. 80.
3111171110, 1111. 31017010.
30117111 (Scytha). 459.
ωο00000
931. 941. 980. 378. 379. 386.
387. 399. 306. 407. 410. 411.
419. 413. 471. 490. 499. 493.
508. 543. 544. 604. 605. 619.
“ 691. 633. 660. 679. 683. 687.
704-6. 707. 716. 799. 736. 738.
739. 748. 749. 750. 751. 759-55.
759. 76063. 797. 799. 801804.
806. 807. 811. 813. 814. 817.
836. 854. 855. 859. 861. 865.
866. 879. 874. 875. 876. 880.
881. ὣὸ. 891. 893. 990. 999.
997. 951. 959. 953. 967. 975.
976. 977. 987. 31711111 0001111010·
les, 974. 3171101 orientales, 975.
310110 9111500011 1111111. 861-69.
senei. 75. 78. 158. 159. 350. 418.
310101, scotici nominis 0011111101. 73.
31071111, 10101 1101101111 1111110. 88.
31010101 (nr. 11.) 389.

Sela, soror (1011111, 1131100111ςί0.
3170111101, 11011105010111110011011,
filii 9111110111 Ι. 111ςί1. 807.
3111111, 980. 453. 48586. 565. 574.

:¹¹- 3110101111, 411.
311111, 1110101111 filius (01.11.) 380.

fluo. (1011011101Δ 11111. 01111.

1011

'mandam 109. 399. 440. 661.

673. 074. 676. 719. 730. 738.
739. 741. 759. 755. 799. 8019.
804. 807. 809. 810. 819. 857.
869. 870. 871. 873. 874. 875.
876. 879. 889. 999. 954. 964.
969. 984. = 3107011171, 419. 673.
080. 6895 3107001701, 4405 Sje-
701111101, 197.

· 31110. 406. = Sybbo. 411.

3111111101, 8110110111 1. 8110110 rex.
96. 98. 31.

31111001, comes de 0111100111. 959.
961-66.
3100111011110111111. 334 sqq.

Segne, 11111 80011111,11011Ρ1110110111111. ¹

(3111711310 m. 8100111111. 1113111101.
vegim. 793.

3161011101, vid. 3100117111, 3100111111.
Simon· 408. ι

3111101111οε ex oppido Sigtun (Β1. 11.)
3111138716, filia 8101101111 1111111111. 557.
3111113111, 1001110000. 480. 483.
3104081301, 367. 373.

3101111111 (8130111111 000000101811111-
1111111111) 18689. 890.

31001101, 1111111 11111101 Gillo (si-

gurduz 11. rex 1101113111) 787. 789.
790. 791. 895.

, 3111011101 (81801601010111111111011111)

3101117110, 1108100100..

31110101, nobilis 8110. 359. f

3111171110 Candidus. 559. 554. 604.
fflmmwmffim‘
641. 664. 765.

3701171110 Barbatus· 74950. '

Μ

 

