Nomina pomum 11 populorum.

6111111 1. 6111111, 11111 cm
1818918985. 18581. 91011.

Gfflm RQ!- m 'qq' 351

6111111 &andelam (Br. 8.),888.

61111111, 81111 1111111, florentinensis.
88887. 889. ·

Gregorius, 1115181111, 791.

61111111 (81. 11.) 879.

61111 1611111111 (11116111 9111111111 '

1111 nomen 1111111111) 18988. 189.
198-908. 906. 907. 997.

611111 1111111111 (81. R.) 889. 889.

6111111111111811111111(81.8.)888.

61111111(Β1. H.) 879.

emnild.. 888.

6111111111 1111111. 898. 899.

6111111, fil. 61111111, 111111 Thele-
11111111. 868. 869.

61111111 (Bt. R.) 881.

Grae'p 99. “

Gra, 11111 811111ςί 11311 8111111111.
98 sqq. 84.

Gru, 1111111 11111111. 887.

camb.. 1111111111 (81. 11.) 888.

61111111 Wemieus (81. 11.) 881.

6111111197 1.

11111111. 11.) 311.

61γ11111,111)111 Regi· 8111. 99.

611111. 811. ’

61181181 8111. 960.

6111111111 111111 11,111111118111111111111.
798 797. 817. 889. 888.

611 1111111111. 17879.
01111111111111185183.
6111111111, uxor 1111111111. 46.
6111111111, 1111118811 81111111. 471

1111

111111.. fili· 0111111158.
61111111, 1111111611111. 181. ·· ,
6111111.Τ111111111111 dux. 868. 869.
61111111, 11111111111111111111. 90810.
611111111191181111181111811111111.
6111111111, 11111, 8111111111 111111. 188· Ι
89. 189. 904. 90910. 910. 919·
18. 916. 917. 918. 919-99..
6111901889 8818981188813811,
850. 859. 855. 85961. ,

6111111.111)11811111118111111111.557· .
. 58. 55859. .=

Gumffls! (1991 st) 3881

6111111111, Genthi 111111. 998.
999. 995. 998. ·
6111111111, 111. Regis 91111189. 85.
6111111111111,11111 811111ςί 111111.
6181188111,61.811111110111(1)985.
1111181111,1118111111.786. ,
0111111111 1111811. 919.

61ἑ1ἰ181111111811111111111598ὦ98. 587.

6111111811. 81915. 888. 858. 885.

61111 (81. R.) 881. .

Guttam (1110111 (1111111011) 11111111)
889. 6111111111 1111111, 885.

611111011111111111111.11.)383· 6111111111, 1111611111110·

Gyr 111111, 111118111111111111, 111111111-
111111 6111111111ιί1. 981. 985. 995.

011111111115111111. 190. 191.
198. 908. 909. 917. 918. 91999.

980-81.
61111111,1111 81111111908401· ¹

408. 911.
6111111111, vid. 61111.

 

