Nomina personarum 11 populorum.

31. 734 741. 74943. 744. 754.
776. 77673, 313-14. 337. 339.

111

nitriensis (1111111 71111111( 4. 711-Ι
1111111) 707.

34950. 353. 854. 85456. 363. 711111· (1111111 7111111 1, 7111111111·
370. 878. 890. 909. 970. 999939. 11111) 34. 116. 943-49. 453. 454.

936. 937. 953. 955. 960. 914,
965. 979. 931. 933.
711111111ρὶ11, slesvicensis. 773.
abiam. 900.
bligerus 7111111111. 776. “

bligerus, 11111 3111111011111111-

11111819. 855.
1111.. pugi 115.

Erimus, primum Episc.Rosiiiidensis,
3111311111111111.1111111111664.
667. 668. 669. 674-75, 673696,
697981 710. 711. 741. 746. 7591
764. 763. 769-791 77973. 836.
859. 373-79. 879. 830. 890896.

901. 9034. 911-19. 919-13.

487.“-“.”. 77111111, 33.
711111111111(1111111117111111) 716. 755.

770806. 943. 970..““- 71111111 . , ’

730. 919. = 7111111, 807.
fictir (01. R.) 381,
7111111, 111111111111 princepum.
71111, primipilus 11111111, prefecti
3111111. 163-65.
71111, nobilis 8111111599.
71111, 7111111111, (171. 11.) 384. 386.
7171111111. 080. - ’
71111111. 977. ’
7111111435.
7117111111, episopus 3111111111. 990.
71111 (111113 7111111, 11 7111111311.)

Β117711,111.111111,1ο11111111111, 74.- ·“ 71111111 1.43.7

804. 910. ‚
7111 nes (incolae 7111111) 974. 386.

565. 374. 848. 969.
71111 ’,111 11111 Canuti Magni. 519.

514. 516. 317. 599.

717111,111111 canuti 311111. 574.

588. 599.
111111111111111111111. 679.

711111117Ιὶ. papii 675,

711.... (1.1.. 1111111111

374.,3733711111111Μ741

7111111311178ΛῚ9.
[1135 138140143744. 145.

”’149150 131. 154, 153. 137.
711117111181111111111111111 16οζ

7111111111(1111111 7111111 11111111)699.

(681ὲζο691. .“’.··71 111111 1090. :Fre-¹
11. .

7111111111111966.71’11.111111111689 ’
11111.. .11...1.....,..ι1ρ..11.11“

699, 693. 761774. 773, 773 777.
773. 76930. 73139. 733. 634,

111.111.111.111.11111.111’ .

949, 930. 951. 939. 953. 96537.
969. 977. · “ ’

71191111. 61111,1111. 173301 131.
11111131, ,

1111111111, 1111111. nnn*
953. 9391131311, 931 neqq‘: '

1. ..,·11... 1111111111111111.

7111111111 1, 111. Regneri 1131111449.
443. 443, 410. ’

71 11,6νμ uxor 011111 4944107,
7111111 1111419.

131111111111111111111111111111,111111111111.17377.

113339.

 

